58 66 75 42 63 61 90 83 53 54 49 85 45
76 52 62 65 51 76 56 94 95 82
61 59 74 94 57 95 42 83 77 98 46 94
86 50 65 51 78 74 67 70 50 64
69 66 59 65 86 68 96 80 43 45 59
99 76 51 70 52 85 91 77 83 98 86 56
100 53 68 58 64 76 62 88 66 100 93 69 86 44
61 49 47 59 99 94 97 42 71 98 65
59 45 45 76 79 97 83
67 82 93 72 72 51 70 93 83 100 80
46 51 44 50 81 60 53 93 48 81 87 46 43 73
100 94 41 68 58 90 71 54 68 72
56 57 80 52 100 46 79 43 45 67 82 55 46 58 46 67
64 96 81 66 49 57 46 57 51 95 49 61 79 84 92
59 89 79 54 77 44 64 48 68 67 55 74
70 87 85 76 63 96 91 91 68 64 95 85 85 81
41 58 46 44 68 78 77 57 80
78 43 61 97 96 86 98 96 65 91 49 64 75
80 62 43 61 57 95 79 90 64 99 75 75 74
87 69 57 96 53
56 89 57 81 52 58 43 100 41 43 43 65 71 60
74 98 68 98 76 54 52 89 53 68 56
86 72 84 54 44 81 41 55 87 52 62 41 55 70 64 41 99
69 45 93 69 54 44 88 47 63 69
74 83 98 91 74 78 86 94 99 48 70
100 49 45 93 43 49 79 78 59 75 43 61 74 77
41 53 87 46 88 84 55 44 74 42 57 41
65 76 77 88 91 95 79 64 64 98 81
72 41 71 52 90 97 46 94 52 74 89 75 74 98 79 75
68 43 74 74 56 78 47 52 59 47 67 73 80 87
68 64 74 84 74 97 48 65 77 69 83 95 67 42 95
74 68 49 89 71 87 48 87 87 53 53
93 79 79 84 80 81 98 43 65 50
58 81 94 91 100 48 83 41 63 74 60
78 41 98 52 49 52 94 92 66 82
95 89 43 78 70 60 98 95 48
75 65 46 64 48 89 79 85 74 82 57 73
89 76 67 60 64 49 95 95 51 68 57 95 52
61 48 62 58 54 94 47 74 70 73 48 98 88 57
60 52 90 72 100 72 75 71 52 64 60 90 42
77 46 41 67 77 98 89 85 51 88 95 61 46 44
65 82 66 41 66 92 87 49 63 53 81 94 88 45 73
42 98 62 62 86 64 64 71 44 60 88 100
71 47 100 79 58 60 88 86 91 60
65 80 57 47 87 63 76 97 87 66
53 68 93 75 95 60 79 92 52 68 41 69
75 69 56 92 58 57 55 61 60 75 50 63
88 69 65 52 60 97 55 62 71 47 80
71 100 85 56 90 83 41 59 55 93 50 46 65 99 48
85 67 71 59 69 97 53 53 41 79 47 95
52 43 55 81 96 87 49 62 96 42 68 46 99 76 91 78 77
47 45 55 55 76 92 62 64 95 85 55 77
72 81 77 57 68 66 92 54 58 96 73 81 85
43 65 84 69 83 87 75 75 81 96 72
95 70 55 58 50 45 43 100 79 51 97 99 84 80 66
97 69 73 87 82 93 85 81 58 62 43 76 46
66 68 42 59 50 50 92 83 87 72 89 71
90 66 45 67 81 57 42 91 57 84 91 64
83 67 79 87 58 73 55 69 64 67 82 47
93 89 72 97 58 76 85 67 57 54 42
78 92 92 90 76 80 82 89 83 74 67 65 68 99
63 57 73 96 50 49 60 77 44 85 67 61
96 72 57 99 61 45 72 58 86 66 71 93 89 80
98 44 73 90 82 62 53 50 48 68 73 100
95 67 92 91 82 61 84 59 57 97 92 54 65 72 84
96 92 48 71 48 57 56 78 69 55 77 84 60 85 73
58 43 54 72 94 88 83 94 61 49 59 58 71 60
45 99 93 63 86 95 63 98 76 68 77
55 64 88 95 53 98 79 45 51 89 60 96 88
81 94 54 86 75 61 65 55 70 90 62
61 100 66 81 45 69 57 59 76 61 74 50
83 93 47 90 88 73 85 65 80
91 53 84 95 92 66 65 74 63 94 99 90 41
71 64 100 44 65 83 43 78 92 91 82 96 100 92
91 75 85 43 100 77 66 84 76 54 67 54 75 71
41 90 48 59 41 54 88 75 72 74 71 86 64
87 68 95 59 65 81 75 52 50 41 49 83 73
86 47 44 89 86 86 41 49 71 73
43 68 59 49 60 91 76 60 79 73 70 71 65 85
74 45 64 58 58 55 62 87 59 55 68 97 65 64 74
89 80 60 46 82 50 64 82 99 59 43 95
85 62 54 81 58 80 73 86 88 94 74 44
88 51 68 43 50 79 82 63
51 73 74 81 94 92 76 66 83 95 60
54 59 66 87 88 64 77 79 86
46 77 62 92 100 45 63 85 46 47 85 69 65
49 51 44 72 48 78 95 98 43 61 77 73 86 42
48 71 48 82 93 56 88 70 45 62 64 69 96 58
94 93 76 96 97 70 80 53 43 49 93 83
50 54 72 56 64 48 99 44 50 87 90 59 47 46
67 95 61 55 63 52 82 72 91 71 71 98
47 85 70 58 85 86 61 98 59 82 60 79
69 73 50 50 51 82 99 90 95 56 94 65 57
45 62 83 90 88 82 78 97
80 64 99 85 93 85 77 56 91 80 79
75 66 59 41 81 98 96 57 81 46
64 61 78 60 52 83 52
82 42 55 66 85 91 84 80 48 71 62 98 60
75 74 68 97 83 57 74 75 71 62 93 80 92 65 89
62 54 89 91 95 92 54 70 97 65 90 54 51