58 38 66 75 42 63 13 61 6 24 90 83 20 53 54 49 85 45 30 29
31 36 24 76 24 52 62 65 51 76 36 56 11 13 94 3 5 18 95 82
32 24 25 61 15 59 12 74 10 6 94 57 95 5 42 83 77 98 46 94
86 10 25 5 23 50 65 6 51 40 1 78 34 74 67 6 70 33 50 64
69 66 59 16 65 11 14 39 7 86 68 5 38 96 2 80 43 45 20 59
25 99 76 5 51 70 25 52 85 8 91 6 13 77 83 38 24 98 86 56
100 3 24 2 32 53 68 30 58 64 76 62 88 66 100 93 36 69 86 44
61 49 9 47 59 9 99 36 94 97 25 42 1 71 98 27 65 11 3 37
27 59 13 2 45 1 45 76 2 79 1 11 9 35 97 39 27 26 83 17
67 82 93 9 72 72 21 29 51 30 70 33 93 38 14 13 83 34 100 80
7 46 6 51 44 50 81 60 53 93 48 81 23 87 34 46 43 73 4 24
4 39 100 12 7 94 41 11 24 68 58 34 90 71 54 8 24 36 68 72
18 56 57 80 52 100 46 37 79 43 45 67 82 55 35 35 46 58 46 67
64 96 81 66 18 49 6 57 46 57 51 95 49 61 79 5 84 92 2 6
15 59 40 37 34 89 79 54 77 1 10 44 64 29 48 68 67 55 74 3
13 70 87 85 76 63 96 18 4 91 91 68 64 3 95 85 85 30 4 81
41 29 58 1 46 44 68 78 32 28 19 5 24 77 24 57 18 80 11 3
78 1 43 61 97 96 86 32 6 21 98 96 65 91 49 1 27 10 64 75
10 18 80 22 62 43 61 57 95 2 14 32 21 79 90 64 99 75 75 74
14 20 39 24 33 87 10 17 40 35 4 69 25 57 24 96 11 6 53 17
56 89 57 31 81 52 33 58 43 100 24 41 11 43 33 1 43 65 71 60
4 74 10 98 33 68 18 38 98 76 54 1 52 15 89 53 68 56 33 6
86 72 84 54 44 81 41 55 87 52 62 11 41 55 35 70 6 64 41 99
25 35 69 12 45 93 9 16 69 54 44 88 47 27 20 63 35 15 4 69
27 74 37 11 4 11 83 98 2 23 91 13 5 74 78 86 94 99 48 70
100 49 21 45 93 3 43 49 79 14 23 78 59 75 43 61 32 19 74 77
41 14 11 13 53 9 15 87 46 88 84 55 44 15 4 74 42 57 41 11
65 76 15 77 39 33 88 19 91 3 33 95 8 39 79 64 64 40 98 81
72 28 1 41 71 52 90 97 46 94 52 74 89 25 75 74 98 79 17 75
68 8 43 74 74 56 78 47 27 52 59 20 47 8 67 13 73 80 87 19
68 64 74 84 30 7 74 14 97 48 65 77 69 83 4 24 95 67 42 95
74 12 68 33 49 89 5 19 71 87 48 31 87 87 7 13 30 33 53 53
93 13 79 3 31 79 84 24 22 80 81 12 98 43 13 65 14 2 50 12
58 81 37 21 6 94 3 91 5 20 100 48 22 83 41 63 20 12 74 60
78 41 98 52 49 52 11 34 94 92 8 22 38 33 18 66 25 82 8 17
18 38 95 9 89 21 12 40 43 78 70 24 10 60 18 20 17 98 95 48
75 39 65 13 46 64 48 89 37 79 37 85 17 10 74 82 28 9 57 73
19 89 76 67 20 19 60 64 9 49 95 95 51 68 13 57 8 12 95 52
22 33 61 48 62 14 58 54 94 47 74 70 73 40 48 98 40 88 57 40
60 14 52 90 34 72 100 72 35 75 3 71 52 64 60 14 90 25 31 42
77 17 46 19 41 67 77 31 98 89 85 51 88 95 61 46 10 15 44 3
65 82 66 41 66 92 87 49 33 63 35 53 34 81 2 94 27 88 45 73
42 98 62 62 86 64 5 2 64 71 44 6 60 88 27 100 6 12 24 38
71 37 23 38 18 47 100 79 38 58 60 88 86 91 33 28 60 17 27 22
65 80 57 47 36 7 87 7 9 40 12 18 63 76 27 97 87 13 29 66
23 53 35 68 93 75 19 95 29 60 79 92 38 1 52 68 2 41 69 16
10 75 5 69 56 36 92 58 13 57 6 55 11 33 61 60 75 50 63 1
88 24 1 69 32 65 25 52 5 25 60 37 97 55 62 71 47 10 80 19
71 100 85 25 5 56 90 83 16 41 37 59 55 93 17 50 46 65 99 48
85 67 71 5 25 59 69 97 25 53 53 27 22 41 79 47 18 40 22 95
52 43 55 81 96 87 49 62 96 36 2 42 31 68 46 99 76 91 78 77
17 47 45 55 35 3 55 76 34 92 62 64 1 26 32 95 85 55 15 77
72 21 19 81 36 14 77 57 2 68 66 92 54 58 96 36 73 36 81 85
43 34 65 84 35 69 83 87 75 21 75 5 34 81 20 25 30 23 96 72
95 8 70 55 58 24 50 45 11 32 43 100 79 51 97 99 84 80 66 5
97 16 69 34 28 73 8 87 82 38 93 28 85 81 58 62 43 76 46 39
66 68 28 39 31 33 42 59 50 50 92 10 13 83 5 87 32 72 89 71
90 66 45 23 67 81 57 6 42 91 9 30 22 57 11 84 21 91 64 29
83 34 67 79 29 87 58 73 55 3 69 64 38 67 5 35 27 82 47 2
15 93 8 89 72 29 97 4 33 58 76 11 39 85 67 57 30 54 29 42
78 92 92 18 21 33 90 76 80 82 89 83 74 67 16 65 68 29 99 26
63 57 73 36 96 50 11 20 49 60 77 8 44 17 3 29 85 40 67 61
96 72 7 12 38 57 99 61 45 72 58 31 86 15 66 19 71 93 89 80
98 1 44 73 90 27 82 18 62 7 53 39 50 40 48 21 38 68 73 100
95 67 21 92 91 82 15 61 84 25 29 59 12 57 97 92 54 65 72 84
96 13 92 48 71 33 48 57 30 56 78 69 55 77 34 22 84 60 85 73
10 11 58 43 54 72 94 18 28 88 83 94 61 49 59 27 58 71 16 60
3 45 99 1 93 63 86 1 33 95 63 98 76 33 39 68 8 32 77 8
11 55 24 64 34 88 95 53 98 79 45 51 12 31 89 60 26 36 96 88
39 81 1 94 54 37 2 86 75 61 21 65 34 55 70 40 1 90 14 62
34 4 61 100 66 22 81 21 45 69 12 57 59 76 30 61 74 50 33 35
83 93 47 90 24 5 24 36 19 28 88 14 73 17 38 85 65 80 3 40
91 53 17 32 84 95 14 35 8 92 66 65 74 35 35 63 94 99 90 41
71 64 100 40 44 65 83 43 39 31 78 92 91 16 82 38 27 96 100 92
11 91 35 75 85 1 24 43 100 77 66 84 25 76 54 67 54 75 71 25
41 90 48 31 59 41 15 54 88 19 4 75 72 74 10 24 71 16 86 64
23 87 16 68 33 95 37 21 59 65 81 75 52 50 41 9 49 36 83 73
86 26 20 9 28 47 24 13 5 5 44 12 89 86 86 41 49 71 33 73
43 68 36 7 59 49 60 23 91 76 60 79 73 39 70 71 2 14 65 85
74 35 45 64 19 58 58 23 40 23 55 62 87 59 55 68 97 65 64 74
89 80 1 60 46 39 27 82 50 36 9 64 82 99 59 12 37 26 43 95
85 62 7 54 28 1 81 27 58 80 12 73 86 88 94 74 15 44 25 27
17 35 88 51 40 68 43 4 50 21 33 34 25 7 79 9 82 13 18 63
32 51 6 73 74 81 7 35 94 39 92 5 76 66 27 83 22 95 60 18
54 59 66 24 16 87 18 23 38 88 31 18 64 16 38 77 35 79 17 86
46 77 27 62 92 100 45 63 22 4 85 46 2 47 18 85 69 31 9 65
49 51 33 44 72 48 78 95 5 98 24 32 43 10 61 77 73 86 42 27
31 48 71 48 82 93 56 88 27 4 14 70 45 62 64 35 69 96 58 33
94 38 93 30 40 76 96 29 37 97 70 80 4 20 25 53 43 49 93 83
50 54 33 72 56 64 3 48 99 44 50 12 87 90 59 47 46 33 29 4
67 34 37 95 16 2 21 61 30 55 63 52 82 15 72 91 71 71 98 36
47 24 13 85 70 58 85 86 61 21 98 3 59 11 82 60 37 37 79 38
7 69 73 50 16 3 50 51 23 82 99 29 90 95 56 32 94 65 57 11
36 37 45 24 62 33 83 33 6 18 4 90 88 82 30 30 78 3 15 97
4 80 64 27 10 99 85 93 32 5 85 3 77 56 91 26 80 18 27 79
75 66 40 59 17 23 26 41 15 81 5 98 96 29 57 29 27 81 34 46
37 35 32 64 38 61 17 78 9 32 19 60 52 83 30 52 9 3 10 14
82 37 42 55 66 85 37 21 22 91 84 80 48 27 71 62 98 19 17 60
75 74 68 34 9 97 83 57 74 15 75 71 62 93 80 92 40 65 89 32
62 54 89 91 95 16 38 92 11 10 54 70 97 65 90 15 54 38 51 15
